-296955697.1041667
103634330.61333333
226665123.2857143
268986806.31578946
115842698.74074075
49576918.71875
166619453.17777777
-232459716.42307693
168160871.0
256682094.875
-221275635.96
110476125.79220779
11216487.085106382
75246119.60344827
66521934.75949367
-121908229.01694915
38477269.783783786
-22807691.558139537
19876846.606557377
141617257.1875
265306067.0212766
247766726.76
-662746837.5384616
49406667.53125
-24492676.17857143
94091181.9264706
110336757.54545455
63880835.7704918
-8245511.951219512
-55522779.0
586733700.9545455
-381154819.08474576
-140869884.18333334
-199209453.37704918
-55312999.20930233
-76772867.4
27516000.54901961
140284889.17857143
-9687245.848484848
33957251.807692304
328355358.54545456
143219436.88679245
354479388.0925926
-282715866.34782606
23417647.8125
-205017483.0877193
9937895.36
-139543031.60655737
-138054653.06896552
138448274.85714287
237112944.06
-246011237.41860464
-21839089.4375
314657844.0163934
-39424396.809523806
-164014251.3469388
383898623.88
-116726028.26666667
-68757632.91666667
-51457797.838709675
-78518679.80882353
-156981256.34375
38314787.58208955
-129019405.11594203
1125384.5074626866
125844160.66666667
-117545389.07936507
229958061.15
140684671.6756757
53532539.54545455
-79637333.22222222
192427083.06896552
58300653.67307692
102613576.0
-136265156.58333334
60114123.34328358
51252007.5625
446666893.03846157
447187910.2972973
-77106863.43478261
94453284.41509435
-24734372.875
127791566.84615384
98744472.45454545
-27966296.590163935
-194471560.0958904
